20180101 23:01:05.001|1000|101|98|25|20|15|BATT
20180101 23:01:06.500|1000|101|98|25|20|18|BATT
20180101 23:01:07.700|1000|101|98|25|20|19|BATT
20180101 23:01:09.521|1000|101|98|25|20|9|BATT
20180101 23:01:12.000|1000|101|98|25|20|10|BATT
20180101 23:01:15.000|1000|101|98|25|20|5|BATT
20180101 23:01:10.001|1001|105|100|28|22|108|TSTAT
20180101 23:01:11.500|1001|105|100|28|22|106|TSTAT
20180101 23:01:13.200|1001|105|100|28|22|107|TSTAT
20180101 23:02:01.000|1002|102|99|27|23|104|TSTAT
20180101 23:02:02.500|1002|102|99|27|23|103|TSTAT
20180101 23:02:03.800|1002|102|99|27|23|102|TSTAT
20180101 23:03:10.000|1003|99|95|30|20|15|BATT
20180101 23:03:12.200|1003|99|95|30|20|18|BATT
20180101 23:03:13.500|1003|99|95|30|20|5|BATT
